530.96
512.36
518.02
543.43
531.35
552.48
488.19
512.41
542.05
559.73
567.94
539.19
539.65
516.70
513.17
515.62
529.55
532.34
523.42
512.98
511.58
548.18
528.15
517.91
535.15
546.50
528.25
551.83
514.35
531.35
545.01
518.82
541.19
515.68
516.83
519.73
521.36
495.94
537.95
518.46
503.58
518.32
527.47
530.84
511.67
542.37
524.93
500.28
517.21
529.34
505.93
517.39
524.23
522.53
521.45
534.91
519.39
520.55
500.92
514.37
520.98
532.81
566.15
523.28
503.47
547.41
548.58
522.87
518.87
528.00
567.97
544.55
517.74
470.62
522.35
486.00
493.21
509.67
509.20
