388.57
526.46
353.66
576.37
533.11
471.21
411.70
429.49
535.73
427.98
439.02
477.40
547.87
553.34
559.54
461.02
471.14
553.36
633.19
517.71
520.44
633.94
436.31
572.49
519.86
534.63
552.36
493.71
468.39
496.94
481.98
467.76
597.08
530.84
654.93
532.12
491.92
510.67
479.67
407.24
416.98
478.05
509.42
403.91
489.90
430.78
604.79
492.84
555.93
274.64
536.50
388.41
561.84
522.17
520.66
397.46
545.24
461.61
582.78
422.91
453.30
599.25
447.39
456.59
536.08
588.55
571.31
387.91
504.75
479.43
563.31
509.79
498.55
510.55
435.75
