639.29
493.16
524.55
443.39
729.66
414.81
442.29
534.67
426.12
522.52
359.66
410.09
662.33
541.22
540.41
444.13
555.38
338.23
466.10
494.83
363.58
392.69
652.35
573.15
574.46
520.01
556.69
525.67
464.39
506.97
439.79
528.50
633.92
483.67
488.03
493.22
446.06
518.58
617.90
433.40
498.81
544.78
440.87
506.86
727.33
555.86
592.79
436.19
504.23
468.14
376.70
413.20
549.37
464.60
362.50
675.39
473.17
306.88
530.22
703.34
498.16
451.74
474.70
412.02
457.74
404.52
585.42
703.65
463.60
472.13
554.33
464.94
490.89
432.12
456.83
732.13
406.87
452.28
554.37
719.04
392.98
378.16
763.56
430.91
718.29
464.21
467.74
591.34
450.79
248.46
564.80
623.17
493.63
477.44
442.78
355.83
463.04
383.55
584.40
483.87
807.81
462.61
335.64
428.52
437.88
444.31
570.23
490.21
563.09
321.91
556.53
578.86
288.98
417.66
568.28
539.68
431.96
339.12
541.17
496.20
459.47
496.36
572.09
672.38
580.80
537.29
572.06
594.27
443.99
688.77
