1 18 130.2255 139.1550 101.4877 161.3263 152.2174 142.5655 140.1980 130.6023 139.262 120.1738 137.4184 146.5984 168.2565 169.25 142.6753 137.7801 140.9639 148.9564 0 0 0 0 0 0 0 0 0 0 0 0 0
2 15 112.6684 76.8625 103.9871 118.1548 66.3519 131.5423 101.0853 126.5021 116.4457 127.6136 114.6528 127.6039 111.8605 104.6236 100.5198 0 0 0 0 0 0 0 0 0 0 0 0 0 0 0 0
3 18 146.3719 142.7173 145.2217 142.4609 123.3333 130.7552 129.6991 92.14317 151.8846 161.9048 137.5733 137.7409 135.3269 126.0179 126.0454 139.7634 113.5680 98.05945 0 0 0 0 0 0 0 0 0 0 0 0 0
4 15 104.8323 114.2636 129.0285 111.4623 83.32588 130.6876 108.6048 112.9142 104.6514 146.0302 149.4463 118.6831 109.6646 114.5385 122.6415 0 0 0 0 0 0 0 0 0 0 0 0 0 0 0 0
5 25 99.57213 145.3748 126.6459 131.1297 93.36237 111.6102 124.7924 90.11195 111.8563 115.2117 92.0936 83.08495 139.3496 108.8108 119.9816 103.1484 160.5906 85.36173 80.75745 113.7285 118.8267 115.1159 110.6203 73.63294 112.4318 0 0 0 0 0 0
6 7 133.9377 141.3671 129.8454 151.7305 156.0642 119.7279 111.6369 0 0 0 0 0 0 0 0 0 0 0 0 0 0 0 0 0 0 0 0 0 0 0 0
7 16 109.5693 101.8969 126.4721 131.5573 154.1478 141.7831 133.7502 142.2816 115.8844 132.7755 118.1429 134.4711 124.1165 101.7503 134.6544 140.9695 0 0 0 0 0 0 0 0 0 0 0 0 0 0 0
8 6 112.3598 124.7831 82.90457 132.1975 102.3017 133.1572 0 0 0 0 0 0 0 0 0 0 0 0 0 0 0 0 0 0 0 0 0 0 0 0 0
9 8 118.4180 141.6875 142.5871 138.2403 155.4612 126.0299 128.6829 151.4545 0 0 0 0 0 0 0 0 0 0 0 0 0 0 0 0 0 0 0 0 0 0 0
10 17 83.1865 113.5118 140.9561 119.6929 138.9750 89.16629 125.6375 135.9799 149.9634 117.0036 136.5579 144.8908 134.9893 142.6419 110.6183 151.2278 139.1055 0 0 0 0 0 0 0 0 0 0 0 0 0 0
11 10 120.9777 163.6788 119.887 118.1639 139.5041 81.66848 111.6737 122.7248 137.8243 129.3214 0 0 0 0 0 0 0 0 0 0 0 0 0 0 0 0 0 0 0 0 0
12 7 136.4980 157.1748 127.2808 124.3634 108.8652 117.4211 127.3028 0 0 0 0 0 0 0 0 0 0 0 0 0 0 0 0 0 0 0 0 0 0 0 0
13 10 116.7535 118.1030 100.3023 143.4846 115.0959 128.6438 134.0672 142.1711 152.2195 134.8251 0 0 0 0 0 0 0 0 0 0 0 0 0 0 0 0 0 0 0 0 0
14 7 124.6351 119.5104 130.1371 158.5827 123.0908 107.9550 144.681 0 0 0 0 0 0 0 0 0 0 0 0 0 0 0 0 0 0 0 0 0 0 0 0
15 18 156.4140 132.8132 145.6536 125.7222 138.341 105.6529 127.9428 128.5139 157.7087 114.9696 123.8296 141.0227 148.6873 152.1817 144.5215 157.7667 104.1725 138.2 0 0 0 0 0 0 0 0 0 0 0 0 0
16 16 148.3451 153.5812 135.3362 97.48555 140.5944 146.2054 147.7127 156.6364 115.0257 112.068 129.6002 104.5229 153.5019 129.3052 128.8598 108.7516 0 0 0 0 0 0 0 0 0 0 0 0 0 0 0
17 24 119.1296 132.4513 104.6185 115.3724 109.2825 144.5787 149.2142 123.7215 107.7362 117.6230 160.7071 123.5332 141.3816 120.6278 81.39102 131.4849 154.3563 108.4583 126.9273 141.1887 107.1677 109.9800 141.7939 139.9266 0 0 0 0 0 0 0
18 10 129.3431 117.9577 171.5856 141.0380 111.0652 126.0397 144.1622 115.4137 110.7895 143.2773 0 0 0 0 0 0 0 0 0 0 0 0 0 0 0 0 0 0 0 0 0
19 5 112.3992 131.4696 118.8589 136.3734 161.8698 0 0 0 0 0 0 0 0 0 0 0 0 0 0 0 0 0 0 0 0 0 0 0 0 0 0
20 11 98.53721 117.2178 137.4689 101.1524 140.3301 129.1733 139.9664 99.9914 167.6319 105.7855 132.3833 0 0 0 0 0 0 0 0 0 0 0 0 0 0 0 0 0 0 0 0
21 21 141.2388 166.7861 136.9580 128.8536 146.6708 130.4181 135.7582 131.6472 104.9112 109.1605 130.7511 151.4600 141.6618 156.4020 125.3565 96.27364 147.0392 136.6221 139.9407 107.5218 139.7111 0 0 0 0 0 0 0 0 0 0
22 11 106.9611 119.4149 111.7219 95.96572 105.0277 86.71508 99.93565 130.0662 150.5673 85.83177 104.4890 0 0 0 0 0 0 0 0 0 0 0 0 0 0 0 0 0 0 0 0
23 17 91.0623 108.7991 116.8528 137.6104 124.8003 106.2793 133.7616 109.7279 103.3771 159.3171 139.5278 151.4888 138.8001 112.9512 110.9846 119.9942 107.7673 0 0 0 0 0 0 0 0 0 0 0 0 0 0
24 5 111.9045 126.4820 113.8298 121.5246 129.4971 0 0 0 0 0 0 0 0 0 0 0 0 0 0 0 0 0 0 0 0 0 0 0 0 0 0
25 8 118.4064 137.1695 104.3242 107.7304 114.9684 114.9170 135.5990 121.0648 0 0 0 0 0 0 0 0 0 0 0 0 0 0 0 0 0 0 0 0 0 0 0
26 5 116.8514 132.4991 139.9675 117.3131 130.5016 0 0 0 0 0 0 0 0 0 0 0 0 0 0 0 0 0 0 0 0 0 0 0 0 0 0
27 31 134.2435 130.2868 131.3477 117.6275 120.8160 151.9400 126.4787 170.6608 95.49264 112.0919 124.6929 118.7717 97.0963 112.3046 116.4404 119.8187 124.4875 85.17062 149.1962 123.2642 137.9610 137.0894 155.3053 135.8457 134.3679 132.9726 108.6297 110.231 159.7687 122.3790 143.8579
28 5 118.9264 110.2320 98.51093 131.0324 110.7546 0 0 0 0 0 0 0 0 0 0 0 0 0 0 0 0 0 0 0 0 0 0 0 0 0 0
29 28 119.9314 119.536 93.87082 90.51576 109.5444 99.79358 104.5537 93.76425 95.57175 86.5561 70.92151 119.4805 125.2170 120.9545 129.5630 134.3648 98.04558 111.9927 100.1492 57.74358 125.0755 128.0049 101.9879 133.2186 90.51942 111.0413 101.729 133.1471 0 0 0
30 9 119.2031 88.7266 121.3346 147.1416 129.2576 117.6822 102.5217 137.7855 96.06355 0 0 0 0 0 0 0 0 0 0 0 0 0 0 0 0 0 0 0 0 0 0
31 5 125.2695 147.6198 135.7752 145.2370 144.6880 0 0 0 0 0 0 0 0 0 0 0 0 0 0 0 0 0 0 0 0 0 0 0 0 0 0
32 4 134.8748 136.3855 88.4487 117.3929 0 0 0 0 0 0 0 0 0 0 0 0 0 0 0 0 0 0 0 0 0 0 0 0 0 0 0
33 4 112.8597 145.0124 116.4224 139.8937 0 0 0 0 0 0 0 0 0 0 0 0 0 0 0 0 0 0 0 0 0 0 0 0 0 0 0
34 17 101.0730 95.99972 96.9451 99.11937 125.6795 124.8974 114.6902 105.5155 121.9122 124.4879 111.0660 129.3316 123.0947 100.6649 180.0682 124.1103 110.8543 0 0 0 0 0 0 0 0 0 0 0 0 0 0
35 19 109.1166 140.1223 145.1571 131.4551 105.5701 154.8087 135.5005 112.3021 126.3897 97.62646 126.3009 126.5743 112.8979 98.09154 138.8701 133.5655 125.6047 132.7172 110.4119 0 0 0 0 0 0 0 0 0 0 0 0
36 17 95.99161 96.8213 91.91268 126.2913 132.4143 110.2929 124.0416 100.3907 133.6801 97.74708 122.3475 96.7241 119.3319 89.7305 97.13952 119.7022 112.2557 0 0 0 0 0 0 0 0 0 0 0 0 0 0
37 5 120.8341 137.9920 130.2039 147.1636 118.1923 0 0 0 0 0 0 0 0 0 0 0 0 0 0 0 0 0 0 0 0 0 0 0 0 0 0
38 4 115.4810 106.6352 75.6778 123.1737 0 0 0 0 0 0 0 0 0 0 0 0 0 0 0 0 0 0 0 0 0 0 0 0 0 0 0
39 14 64.58547 126.2413 154.9669 107.3439 113.4987 127.6911 91.3294 135.6621 112.1088 121.7295 98.71394 139.5327 138.2274 98.75075 0 0 0 0 0 0 0 0 0 0 0 0 0 0 0 0 0
40 21 118.9410 109.608 117.9370 115.5517 124.0328 117.4918 130.1425 131.5542 96.61962 96.86144 144.0545 127.8397 131.3456 86.86086 119.4731 124.1918 98.78714 136.8530 129.0078 141.2023 151.6945 0 0 0 0 0 0 0 0 0 0
41 16 132.0157 101.1536 103.1231 93.66177 95.0085 105.0143 106.8936 120.5612 91.7179 169.8097 158.0901 81.4144 110.7985 97.79504 124.1899 135.3791 0 0 0 0 0 0 0 0 0 0 0 0 0 0 0
42 3 100.0646 111.8812 126.1464 0 0 0 0 0 0 0 0 0 0 0 0 0 0 0 0 0 0 0 0 0 0 0 0 0 0 0 0
43 20 107.4104 109.3198 148.0634 108.2577 130.8199 109.4554 106.2962 100.1909 128.5852 129.2949 105.4053 104.2095 118.795 93.83448 103.1203 128.9345 108.6568 138.9818 118.6122 95.81481 0 0 0 0 0 0 0 0 0 0 0
44 13 115.6087 85.08282 157.5526 99.25444 81.15016 119.7044 100.3982 110.6359 117.7320 97.54127 97.98284 95.81009 110.1598 0 0 0 0 0 0 0 0 0 0 0 0 0 0 0 0 0 0
45 19 171.8246 93.91664 109.4599 106.6856 139.4988 111.6141 70.45457 102.9190 155.4841 149.0286 75.21168 90.8247 149.4623 113.8217 73.48355 105.0797 126.8542 96.19404 101.9708 0 0 0 0 0 0 0 0 0 0 0 0
46 8 161.4082 98.79487 115.6984 119.4581 118.2434 144.8713 105.5437 62.00192 0 0 0 0 0 0 0 0 0 0 0 0 0 0 0 0 0 0 0 0 0 0 0
47 21 121.4755 102.5587 131.0293 124.9987 98.6259 82.75411 84.70245 114.6791 101.4152 122.3391 89.9449 102.8446 94.2249 123.7334 124.1126 115.8763 123.1426 125.1014 78.11222 149.3488 151.7139 0 0 0 0 0 0 0 0 0 0
48 14 110.6355 120.2403 102.6328 136.9557 125.3842 113.5626 102.6235 110.5438 77.98283 113.6903 115.8899 141.9574 99.51574 98.57728 0 0 0 0 0 0 0 0 0 0 0 0 0 0 0 0 0
49 26 75.94857 167.269 90.32798 104.8600 169.4760 164.5867 145.2568 93.27763 129.8865 131.8689 127.7401 90.37065 140.2654 97.66936 139.9124 117.8766 160.7825 107.0710 130.2834 101.7789 89.75112 143.8743 124.7439 107.5471 136.3042 150.9929 0 0 0 0 0
50 3 122.8851 101.1826 103.3301 0 0 0 0 0 0 0 0 0 0 0 0 0 0 0 0 0 0 0 0 0 0 0 0 0 0 0 0
51 13 112.0802 102.5525 91.55239 140.3167 114.7629 130.5084 105.5717 83.93409 107.0199 119.4253 101.7264 103.1047 106.8444 0 0 0 0 0 0 0 0 0 0 0 0 0 0 0 0 0 0
52 11 74.94682 140.2501 114.5948 103.3822 100.1358 120.8626 147.2807 168.2122 106.6008 109.6167 114.4989 0 0 0 0 0 0 0 0 0 0 0 0 0 0 0 0 0 0 0 0
53 7 148.3027 120.0667 121.1775 90.74622 111.4724 129.8962 112.9201 0 0 0 0 0 0 0 0 0 0 0 0 0 0 0 0 0 0 0 0 0 0 0 0
54 17 120.6888 140.7385 131.077 93.6592 103.6550 126.0887 128.5626 79.9862 79.81776 92.97182 105.5296 123.5016 147.1537 110.7947 105.6932 141.6863 65.17564 0 0 0 0 0 0 0 0 0 0 0 0 0 0
55 10 112.5182 76.98133 101.1516 103.1859 145.7591 103.5264 98.20142 110.9875 104.412 104.0229 0 0 0 0 0 0 0 0 0 0 0 0 0 0 0 0 0 0 0 0 0
56 21 135.3989 129.8323 171.4988 136.8594 125.8340 155.644 151.9903 153.8137 110.9932 131.1929 126.0011 144.2200 139.9276 132.0735 115.7874 138.8533 134.0987 126.5303 149.7134 130.3883 135.0778 0 0 0 0 0 0 0 0 0 0
57 19 48.63839 113.2485 134.0830 104.967 140.2625 119.5627 77.72576 128.3535 129.4314 156.4813 140.4580 68.08132 136.7641 107.1970 116.6446 91.00357 99.84328 102.1775 118.4080 0 0 0 0 0 0 0 0 0 0 0 0
58 4 130.5248 121.8790 116.0312 122.3564 0 0 0 0 0 0 0 0 0 0 0 0 0 0 0 0 0 0 0 0 0 0 0 0 0 0 0
59 16 106.3037 105.885 93.92968 121.3772 85.6031 89.68933 99.76142 71.33008 133.6327 105.1277 98.6977 122.6061 98.15503 130.9136 140.0093 114.0854 0 0 0 0 0 0 0 0 0 0 0 0 0 0 0
60 17 99.46175 114.5833 106.0677 117.1497 112.4789 92.83327 104.9929 115.4452 162.2289 89.61696 101.9355 177.4616 86.57373 98.35712 115.6184 116.8663 96.8156 0 0 0 0 0 0 0 0 0 0 0 0 0 0
61 7 141.8047 137.3649 148.7196 105.3228 117.1036 128.1802 147.9393 0 0 0 0 0 0 0 0 0 0 0 0 0 0 0 0 0 0 0 0 0 0 0 0
62 10 130.2565 153.0163 122.5120 131.2347 117.4403 125.137 121.8732 139.5082 131.3296 155.0964 0 0 0 0 0 0 0 0 0 0 0 0 0 0 0 0 0 0 0 0 0
63 17 126.2925 122.4488 120.0248 140.9593 153.6715 104.4532 111.5838 152.7784 173.0032 137.4732 126.7181 145.9402 111.7971 153.2251 115.5921 146.941 134.5497 0 0 0 0 0 0 0 0 0 0 0 0 0 0
64 17 105.5773 111.3476 128.6453 126.9294 162.9276 131.5316 94.82074 111.9196 124.5459 149.4980 121.2401 126.9646 122.7463 96.78574 72.70063 125.4836 108.9659 0 0 0 0 0 0 0 0 0 0 0 0 0 0
65 13 115.0306 113.3086 92.24764 110.3023 144.6560 108.1429 99.18479 130.2889 89.94764 111.5803 104.7368 114.8954 143.3875 0 0 0 0 0 0 0 0 0 0 0 0 0 0 0 0 0 0
66 5 136.6269 90.61518 118.2267 102.9684 88.06 0 0 0 0 0 0 0 0 0 0 0 0 0 0 0 0 0 0 0 0 0 0 0 0 0 0
67 7 157.6426 110.0751 126.7247 141.4197 105.7942 127.9288 112.6069 0 0 0 0 0 0 0 0 0 0 0 0 0 0 0 0 0 0 0 0 0 0 0 0
68 30 94.65472 130.3337 93.27854 109.4961 159.0551 128.9097 83.52393 85.58494 101.3649 113.3556 111.3713 104.2970 84.91088 154.0716 123.097 127.0678 139.9895 124.3593 154.0821 154.5118 133.3941 124.1486 100.6022 131.4962 133.2222 100.3784 89.47226 109.6388 101.3679 110.5703 0
69 24 117.9165 127.2953 109.5922 103.2488 125.8478 109.3021 131.5344 137.2211 106.1635 118.7343 157.3797 128.9689 113.1706 130.3427 97.7721 148.4396 136.8872 132.2675 123.2685 102.7170 131.5865 125.6112 106.5067 114.4969 0 0 0 0 0 0 0
70 28 135.8600 114.6643 91.95917 98.92664 84.4264 133.8356 96.10454 143.0967 114.9993 69.26284 97.83228 132.7037 93.55428 100.7855 144.7064 106.8135 111.4483 116.8266 109.0535 143.6504 146.2530 88.06813 128.2205 131.8961 83.38888 91.50524 119.9518 109.3813 0 0 0
71 8 101.2540 124.7339 110.3332 142.4342 115.9327 130.0382 139.9405 131.3615 0 0 0 0 0 0 0 0 0 0 0 0 0 0 0 0 0 0 0 0 0 0 0
72 21 121.2708 142.5861 123.1268 129.8654 131.9817 125.9631 113.2932 105.4186 141.4537 145.9156 109.8414 135.0427 145.5866 114.2746 150.1782 146.0165 141.9868 119.4647 133.0622 139.8233 115.9723 0 0 0 0 0 0 0 0 0 0
73 20 135.0055 132.6829 130.4816 139.0750 162.8049 154.6566 106.0665 152.7553 110.0867 121.6994 156.0258 120.5578 137.212 156.1063 149.2340 150.6337 119.6966 144.8782 154.4525 121.3203 0 0 0 0 0 0 0 0 0 0 0
74 4 111.8485 105.9237 92.67671 133.1643 0 0 0 0 0 0 0 0 0 0 0 0 0 0 0 0 0 0 0 0 0 0 0 0 0 0 0
75 20 127.2605 119.5043 118.2871 85.36736 143.6838 114.587 119.2114 84.137 113.6781 120.8357 94.93283 89.66043 112.8073 103.6634 81.61242 116.6189 91.38856 86.41318 111.3626 127.9412 0 0 0 0 0 0 0 0 0 0 0
76 25 121.0018 75.39676 79.67075 74.7091 121.7481 116.0607 93.84203 76.6699 130.3097 112.556 106.5861 125.8083 103.3346 142.0087 102.4434 105.9545 105.6822 98.45629 111.1666 146.9694 109.7364 114.4759 111.1135 115.6495 111.0989 0 0 0 0 0 0
77 17 82.28658 137.927 130.6304 99.77447 111.9248 133.5349 100.9923 128.1675 109.3291 114.0316 83.91781 116.0840 67.49774 86.07196 128.9183 109.1960 99.60397 0 0 0 0 0 0 0 0 0 0 0 0 0 0
78 14 129.3393 103.6134 118.5310 97.88997 129.4905 107.0874 114.7792 74.89993 111.6658 86.48391 117.7243 120.3529 94.38697 124.4659 0 0 0 0 0 0 0 0 0 0 0 0 0 0 0 0 0
79 15 117.3949 79.43788 93.15065 119.5539 120.5092 108.3318 134.0076 161.6249 103.7574 115.9153 122.9412 124.8907 92.24747 99.04718 123.5599 0 0 0 0 0 0 0 0 0 0 0 0 0 0 0 0
80 15 125.1598 124.2752 64.45503 112.6830 153.4429 153.2580 110.8545 98.58939 100.2392 89.8298 168.8264 104.9748 69.48039 115.4385 88.67978 0 0 0 0 0 0 0 0 0 0 0 0 0 0 0 0
81 24 111.6388 84.25022 129.2971 100.2253 103.1779 94.35412 96.37036 99.25015 92.43981 108.4881 93.0333 116.3928 105.5097 107.3135 90.59416 101.9798 115.4182 144.1086 126.5997 106.1254 132.0654 131.0985 112.1099 107.8533 0 0 0 0 0 0 0
82 25 85.92686 153.9756 96.35902 110.4262 103.0541 147.4315 110.7410 103.2390 124.1392 112.7016 92.6745 115.0057 106.1535 133.9239 99.89813 113.8636 103.9083 132.0599 126.6241 87.17328 117.3820 95.38081 126.5519 124.3618 108.6858 0 0 0 0 0 0
83 19 84.886 133.1458 125.7187 105.7895 130.5191 85.03112 123.5668 98.06091 139.9672 119.1106 99.32205 116.9007 91.1056 132.7543 107.0294 137.1873 93.15935 123.1671 119.0922 0 0 0 0 0 0 0 0 0 0 0 0
84 21 131.4924 109.3193 108.8514 114.0512 100.8217 100.0901 144.2075 103.7061 107.3374 119.5106 121.2235 93.63548 98.73084 124.7099 69.15954 109.4254 122.7222 134.5430 144.7520 71.07776 126.4612 0 0 0 0 0 0 0 0 0 0
85 25 91.11647 105.6322 99.58776 110.948 83.06023 114.5734 98.85484 123.6484 108.3588 110.5304 121.3456 94.74091 105.5137 137.2714 102.8343 75.35938 91.36166 105.5324 94.8018 82.60505 114.6408 91.83736 124.3943 80.2281 103.5179 0 0 0 0 0 0
86 18 88.2516 123.7670 111.6607 104.5664 74.32258 83.79025 116.4045 99.58873 112.9380 121.0747 96.2994 122.6504 128.4941 114.7229 131.7542 147.6422 77.71316 113.7905 0 0 0 0 0 0 0 0 0 0 0 0 0
87 18 108.8163 96.16104 70.62961 139.0344 54.61649 129.0143 89.39328 112.2364 85.997 86.96053 95.09282 143.8774 103.0976 74.57314 132.6239 91.20484 123.7604 123.4698 0 0 0 0 0 0 0 0 0 0 0 0 0
88 3 132.9726 96.34289 127.0033 0 0 0 0 0 0 0 0 0 0 0 0 0 0 0 0 0 0 0 0 0 0 0 0 0 0 0 0
89 7 125.1315 121.0431 136.8015 118.0484 118.1933 108.7565 129.2568 0 0 0 0 0 0 0 0 0 0 0 0 0 0 0 0 0 0 0 0 0 0 0 0
90 14 94.57273 120.7006 99.1019 127.0186 108.6744 135.9872 106.8876 82.57806 117.5221 94.55184 117.8633 71.81866 84.16102 96.08063 0 0 0 0 0 0 0 0 0 0 0 0 0 0 0 0 0
91 6 90.6622 62.30771 121.7899 94.21108 95.68036 143.9921 0 0 0 0 0 0 0 0 0 0 0 0 0 0 0 0 0 0 0 0 0 0 0 0 0
92 9 94.43343 148.7706 104.0119 94.38134 130.6660 113.2836 87.41971 98.2414 144.9507 0 0 0 0 0 0 0 0 0 0 0 0 0 0 0 0 0 0 0 0 0 0
93 14 105.2583 108.9395 98.22417 137.2958 94.66213 78.44908 82.76626 83.83265 96.92624 53.90865 154.9396 85.21442 157.5658 141.5855 0 0 0 0 0 0 0 0 0 0 0 0 0 0 0 0 0
94 21 82.009 126.2230 122.3838 121.8740 123.8604 138.0239 97.37048 104.8498 77.48807 137.9702 126.7283 121.0028 126.0089 101.5547 97.21796 86.63941 74.97023 95.46317 114.0939 89.91707 98.91225 0 0 0 0 0 0 0 0 0 0
95 14 94.4922 115.5091 90.1211 104.4384 82.64903 128.3859 110.1084 99.07868 92.44913 124.0889 130.6657 122.7919 98.5692 101.5185 0 0 0 0 0 0 0 0 0 0 0 0 0 0 0 0 0
96 18 104.9693 84.51634 115.2868 108.4124 102.5531 99.47212 115.5824 99.60036 164.4230 104.2655 107.7971 138.6085 106.5983 126.3036 110.8352 122.9250 102.2948 77.47465 0 0 0 0 0 0 0 0 0 0 0 0 0
97 3 109.5821 120.1390 93.50196 0 0 0 0 0 0 0 0 0 0 0 0 0 0 0 0 0 0 0 0 0 0 0 0 0 0 0 0
98 15 97.52067 134.1092 123.656 100.8275 106.0494 88.92284 109.4353 162.7598 147.0420 105.1878 94.10706 120.8721 78.24751 140.7811 130.5719 0 0 0 0 0 0 0 0 0 0 0 0 0 0 0 0
