15 14.5 9.5 11 8 9.5 9.5 13 9.5 11 5.5 14 9 10.5 10 11 6.5 4 11 11 11 12.5 11.5 10 10 0 0 0 0 0 0 0 0 0 0
11.5 10.5 8 7.5 7.5 6.5 11.5 0 0 0 0 0 0 0 0 0 0 0 0 0 0 0 0 0 0 0 0 0 0 0 0 0 0 0 0
10.5 10.5 12.5 8 11 0 0 0 0 0 0 0 0 0 0 0 0 0 0 0 0 0 0 0 0 0 0 0 0 0 0 0 0 0 0
9.5 10.5 8.5 7.5 11 10.5 10.5 9.5 10 11.5 9.5 9 8 7.5 8.5 0 0 0 0 0 0 0 0 0 0 0 0 0 0 0 0 0 0 0 0
14 8.5 13 10.5 15 9 10 12 0 0 0 0 0 0 0 0 0 0 0 0 0 0 0 0 0 0 0 0 0 0 0 0 0 0 0
11 11 12.5 13 12.5 11 11.5 11 0 0 0 0 0 0 0 0 0 0 0 0 0 0 0 0 0 0 0 0 0 0 0 0 0 0 0
9.5 9.5 15 11.5 13 10.5 13 11 14 13.5 10.5 9.5 15.5 12 11 11 13 11.5 12.5 12 10 10.5 11.5 11 0 0 0 0 0 0 0 0 0 0 0
14.5 13 8.5 11.5 8.5 13 12.5 13.5 8 9 11.5 13 14.5 12 12 13.5 11.5 0 0 0 0 0 0 0 0 0 0 0 0 0 0 0 0 0 0
12 10 14 12.5 13 11.5 15.5 13.5 12 12 8.5 10.5 10 9 13 6.5 13.5 16.5 10.5 13.5 12 12.5 13 12 0 0 0 0 0 0 0 0 0 0 0
10.5 12 12.5 13 10 11 11 16.5 13 11.5 10 13.5 13.5 16.5 9 12 13.5 14 0 0 0 0 0 0 0 0 0 0 0 0 0 0 0 0 0
10 10.5 13 13 14 14.5 12 12.5 10.5 11 12.5 13 11.5 9.5 11.5 9.5 12 10 12 6.5 11 0 0 0 0 0 0 0 0 0 0 0 0 0 0
18 16 12 11.5 12 15.5 14 6 12.5 16.5 0 0 0 0 0 0 0 0 0 0 0 0 0 0 0 0 0 0 0 0 0 0 0 0 0
12 10 10 11 13 12 0 0 0 0 0 0 0 0 0 0 0 0 0 0 0 0 0 0 0 0 0 0 0 0 0 0 0 0 0
11 13 10.5 7 13 13 11 8 8 12 8.5 9.5 10.5 15.5 0 0 0 0 0 0 0 0 0 0 0 0 0 0 0 0 0 0 0 0 0
14.5 12 12 13 9.5 12 8.5 11 9.5 12.5 11 12 13 9.5 14.5 12.5 12.5 12.5 12.5 11 10.5 11 12 0 0 0 0 0 0 0 0 0 0 0 0
11 10 9.5 9.5 10 11 12 12 12 11 12.5 12.5 9 13 13 9 12 8 13.5 10 13.5 14.5 12 10.5 12 9.5 15.5 13.5 0 0 0 0 0 0 0
11.5 9 10 12.5 12 9.5 11.5 12.5 13 12.5 15.5 14 13.5 14 12 13 9.5 13.5 15 12.5 13.5 11 11 11.5 12.5 11 12.5 13 11.5 16.5 15.5 13.5 12.5 15 10
11.5 13 12.5 10.5 11 15 15 13 15.5 11.5 11 10 9.5 0 0 0 0 0 0 0 0 0 0 0 0 0 0 0 0 0 0 0 0 0 0
11.5 11.5 14.5 12 12.5 9.5 11 10 14.5 11 13 11.5 11.5 11.5 0 0 0 0 0 0 0 0 0 0 0 0 0 0 0 0 0 0 0 0 0
11 11.5 10.5 11.5 10.5 12.5 11 11 9.5 12.5 12.5 10 10.5 11.5 12 0 0 0 0 0 0 0 0 0 0 0 0 0 0 0 0 0 0 0 0
10.5 7 10 11 4.5 6 10 7.5 0 0 0 0 0 0 0 0 0 0 0 0 0 0 0 0 0 0 0 0 0 0 0 0 0 0 0
12.5 9 10.5 12 11 8.5 12 13.5 13 12.5 10 0 0 0 0 0 0 0 0 0 0 0 0 0 0 0 0 0 0 0 0 0 0 0 0
13 10.5 8 8.5 13.5 13.5 9 11 11.5 0 0 0 0 0 0 0 0 0 0 0 0 0 0 0 0 0 0 0 0 0 0 0 0 0 0
10.5 10.5 13.5 11 14.5 11 15.5 10.5 11 11.5 17 12.5 12 12 17 7 13.5 11.5 13 11 13.5 0 0 0 0 0 0 0 0 0 0 0 0 0 0
11 12.5 11.5 12 11 15.5 12.5 11.5 14.5 15.5 15 13 13.5 11.5 15.5 13.5 13 10.5 13 12 18 13 13 13.5 16.5 10.5 13 11.5 11.5 11.5 12 0 0 0 0
7 10.5 15.5 12.5 14.5 11 12.5 10 11 9.5 16 13.5 13 12.5 11.5 7 17.5 9.5 12 12.5 10.5 15.5 12.5 12 12 11 12.5 13 10.5 12 0 0 0 0 0
12 12 11.5 13 12 13 13.5 14 11.5 13 8.5 11 13 10.5 15 11.5 11.5 15.5 12 11 10 7.5 15.5 11 0 0 0 0 0 0 0 0 0 0 0
9.5 6 12.5 11.5 13.5 8 13 12 14 14 12 13.5 13 12 11.5 10.5 11.5 9 11.5 12 6 9.5 0 0 0 0 0 0 0 0 0 0 0 0 0
11.5 7.5 15 9 15 8 10 15 16 11.5 13 10.5 12.5 12 11 11.5 10 10.5 14.5 13.5 0 0 0 0 0 0 0 0 0 0 0 0 0 0 0
16 10.5 17.5 13.5 12.5 14.5 12 12.5 13.5 14 12 17.5 12 13 11.5 16 17.5 14.5 11.5 11.5 13 0 0 0 0 0 0 0 0 0 0 0 0 0 0
15 11 10 16 12.5 12 11.5 9.5 14.5 13.5 11.5 12.5 12 12 14.5 11.5 12 12 13.5 13.5 11.5 14.5 0 0 0 0 0 0 0 0 0 0 0 0 0
9 14 10.5 11 11 11 10.5 16.5 14 11.5 15.5 0 0 0 0 0 0 0 0 0 0 0 0 0 0 0 0 0 0 0 0 0 0 0 0
15.5 11 12 10.5 13 11.5 9 12.5 12.5 9.5 13 13.5 15 15.5 13 11.5 16 10 10.5 10.5 14 16 9.5 11 10.5 11 0 0 0 0 0 0 0 0 0
15 13.5 14 15 14.5 11.5 13.5 11 13 10.5 12 13.5 12.5 9.5 17 14 14.5 8.5 13.5 10.5 0 0 0 0 0 0 0 0 0 0 0 0 0 0 0
11.5 10 12.5 12.5 11 11.5 9 9 6.5 9.5 12 9.5 13 8.5 16 6.5 0 0 0 0 0 0 0 0 0 0 0 0 0 0 0 0 0 0 0
8.5 15 15.5 10.5 12 11 10.5 14 12.5 11.5 12 8 11 12.5 10 8.5 12 0 0 0 0 0 0 0 0 0 0 0 0 0 0 0 0 0 0
8 13 9.5 11 13.5 13 14.5 9 13 11 15.5 11.5 12.5 13.5 0 0 0 0 0 0 0 0 0 0 0 0 0 0 0 0 0 0 0 0 0
9 7 9.5 12 12 11.5 10 11 13.5 11.5 7.5 14 7.5 13.5 11 10 9.5 11 12 14 10.5 0 0 0 0 0 0 0 0 0 0 0 0 0 0
11.5 13.5 13 11 12.5 14 10.5 7 14.5 15.5 11 12.5 13 10.5 11 9.5 11 11.5 16 10.5 15 15.5 12.5 10.5 0 0 0 0 0 0 0 0 0 0 0
11 10 11.5 10.5 8.5 12 13.5 13.5 14 11.5 10 9 8 12.5 9.5 14 12.5 12.5 12 11.5 13 0 0 0 0 0 0 0 0 0 0 0 0 0 0
15.5 13.5 12 12.5 7.5 12.5 12.5 9 10 11 0 0 0 0 0 0 0 0 0 0 0 0 0 0 0 0 0 0 0 0 0 0 0 0 0
13 12 11 11.5 11.5 12 12 13 10.5 13.5 12.5 11 11.5 13 11.5 0 0 0 0 0 0 0 0 0 0 0 0 0 0 0 0 0 0 0 0
15 13 12.5 13 17.5 13 7 15.5 14.5 15.5 12.5 16.5 14 13.5 13 0 0 0 0 0 0 0 0 0 0 0 0 0 0 0 0 0 0 0 0
10 13.5 15.5 11.5 10.5 10 8 11.5 11 12 13 9 9 12 9.5 10.5 12.5 13 0 0 0 0 0 0 0 0 0 0 0 0 0 0 0 0 0
11.5 13 12 13.5 12 12 12.5 12.5 12.5 11.5 13.5 8.5 11.5 12.5 13 9.5 10.5 0 0 0 0 0 0 0 0 0 0 0 0 0 0 0 0 0 0
16 11 12 12 11 16.5 14.5 13 12.5 8.5 9 11 12.5 10 11 13.5 13 10.5 8.5 10.5 0 0 0 0 0 0 0 0 0 0 0 0 0 0 0
12 11 12 10.5 11.5 13 9 9 12 10 12 16 15.5 6 7.5 5.5 10.5 13 9 12 9 10.5 12 0 0 0 0 0 0 0 0 0 0 0 0
10 4 7 6 0 0 0 0 0 0 0 0 0 0 0 0 0 0 0 0 0 0 0 0 0 0 0 0 0 0 0 0 0 0 0
6 10.5 11 12.5 12 14 9.5 12.5 11.5 8 0 0 0 0 0 0 0 0 0 0 0 0 0 0 0 0 0 0 0 0 0 0 0 0 0
14.5 11 13 11.5 14.5 15.5 14 12.5 14 11 11 15 17 12.5 14 11.5 11 0 0 0 0 0 0 0 0 0 0 0 0 0 0 0 0 0 0
13 13.5 12 12 10 10.5 14 12.5 10.5 0 0 0 0 0 0 0 0 0 0 0 0 0 0 0 0 0 0 0 0 0 0 0 0 0 0
11.5 11 12 10.5 6 11 7 10.5 11.5 13 10.5 8.5 8.5 13.5 14.5 10.5 12 13.5 5.5 15.5 0 0 0 0 0 0 0 0 0 0 0 0 0 0 0
11.5 11.5 13 11.5 13 14 13 13 10.5 11 11 15 10.5 11 13.5 12.5 12.5 0 0 0 0 0 0 0 0 0 0 0 0 0 0 0 0 0 0
11.5 13.5 12.5 15 13 11 13 13 10 14 11.5 10 15.5 12 12 11.5 14 12 0 0 0 0 0 0 0 0 0 0 0 0 0 0 0 0 0
12 8 11 11 9.5 13.5 8 0 0 0 0 0 0 0 0 0 0 0 0 0 0 0 0 0 0 0 0 0 0 0 0 0 0 0 0
10.5 11 10 12 12 11 8.5 11.5 9.5 11 12 11.5 10.5 12.5 12 12 13 9.5 12 14.5 11.5 11.5 12 11 12 9 13.5 12.5 12.5 11 0 0 0 0 0
12 11 13.5 12 9.5 12.5 10.5 11.5 10 9.5 11 9 13 11 8 11 12.5 10 10.5 0 0 0 0 0 0 0 0 0 0 0 0 0 0 0 0
14 13.5 12.5 12.5 10.5 11.5 12 12 10.5 0 0 0 0 0 0 0 0 0 0 0 0 0 0 0 0 0 0 0 0 0 0 0 0 0 0
13 10 15 13 10.5 11.5 13 14 10 11 7 11 0 0 0 0 0 0 0 0 0 0 0 0 0 0 0 0 0 0 0 0 0 0 0
16 13.5 13.5 15 10.5 12 13 14.5 14 14 0 0 0 0 0 0 0 0 0 0 0 0 0 0 0 0 0 0 0 0 0 0 0 0 0
